 9                  9       9     9      9 9            9     9        9    9   
 7                  7       7     7      7 7            7     7        7    7   
 8                  8       8     8      8 8            8     8        8    8   
 1                  1       0     0      0 0            1     0        1    0   
 8                  8       4     1      4 1            8     1        8    1   
 5                  5       4     2      4 2            5     2        5    2   
 5                  5       4     4      4 1            5     3        5    2   
 7                  7       5     2      5 7            7     5        7    5   
 3                  3       1     8      1 8            3     6        3    3   
 4                  4       2     7      6 0            5     0        2    8   
 6                  9       5     6      5 7            7     4        8    4   
 3                  0       6     5      3 5            5     0        2    0   
 0                  6       7     5      4 3            0     7        7    7   

9       9     9  9  9   9      9  9                               9        9    
7       7     7  7  7   7      7  7                               7        7    
8       8     8  8  8   8      8  8                               8        8    
0       1     0  1  0   1      1  0                               1        1    
1       8     9  8  4   8      8  1                               8        8    
2       5     5  5  4   5      5  2                               5        5    
3       5     3  5  4   5      5  2                               5        5    
5       7     1  7  8   7      7  7                               7        7    
6       3     9  3  8   3      3  3                               3        3    
0       7     4  2  8   4      7  9                               9        6    
4       7     9  7  9   4      7  6                               5        7    
0       7     1  3  1   3      3  5                               7        7    
7       8     9  5  4   2      0  1                               4        1    

     9 9 9               9      9                9 9       9    9   9           
     7 7 7               7      7                7 7       7    7   7           
     8 8 8               8      8                8 8       8    8   8           
     0 1 1               0      0                1 0       0    0   1           
     4 8 8               4      4                8 1       1    1   8           
     4 5 5               4      4                5 2       2    2   5           
     4 5 5               4      4                5 1       2    6   5           
     5 7 7               4      5                7 0       1    9   7           
     1 3 3               1      2                3 0       0    0   3           
     0 5 9               6      1                7 5       8    6   7           
     1 5 5               1      1                7 4       4    4   7           
     1 6 6               0      8                3 3       5    7   8           
     2 9 7               0      7                0 6       7    9   5           

         9 9      9              9   9       9    9         9           9    9  
         7 7      7              7   7       7    7         7           7    7  
         8 8      8              8   8       8    8         8           8    8  
         1 1      1              0   0       1    0         1           0    1  
         8 8      8              4   4       8    1         8           4    8  
         5 5      5              4   4       5    2         5           4    5  
         5 5      5              4   4       5    2         5           4    5  
         7 7      7              5   8       7    1         7           5    7  
         3 3      3              0   2       3    0         3           1    3  
         7 7      5              5   9       7    8         5           2    7  
         7 3      0              6   3       3    4         6           5    9  
         4 3      4              2   2       0    5         0           6    3  
         7 4      0              0   0       3    7         6           7    8  

          9            9     9             999  9              9   9        9   
          7            7     7             777  7              7   7        7   
          8            8     8             888  8              8   8        8   
          0            1     0             010  0              1   1        1   
          4            8     4             184  1              8   8        8   
          4            5     4             254  2              5   5        5   
          4            5     4             654  4              5   5        5   
          5            7     5             975  1              7   7        7   
          1            3     1             030  7              3   3        3   
          0            7     6             659  7              6   5        7   
          1            3     5             447  6              7   7        7   
          1            0     3             774  2              7   5        6   
          2            3     4             971  8              1   0        1   

 9 9    9       9          9 9        99         9                        9     
 7 7    7       7          7 7        77         7                        7     
 8 8    8       8          8 8        88         8                        8     
 0 0    1       1          1 0        00         1                        0     
 1 4    5       8          8 4        41         8                        4     
 2 4    5       9          5 4        42         5                        4     
 6 4    8       8          5 4        42         5                        4     
 7 5    6       5          7 4        91         7                        4     
 3 0    0       6          3 2        90         3                        2     
 8 9    9       3          5 5        78         4                        2     
 4 7    3       9          4 2        24         9                        4     
 2 4    2       6          7 3        55         0                        2     
 1 1    7       9          7 2        87         6                        2     

9                    9 9  9               9      99  9          9    9          
7                    7 7  7               7      77  7          7    7          
8                    8 8  8               8      88  8          8    8          
0                    1 1  1               0      01  0          0    0          
4                    8 8  8               1      18  4          4    4          
4                    5 5  5               2      25  4          4    4          
4                    5 5  5               6      45  4          4    4          
5                    7 7  7               9      17  8          8    9          
0                    3 3  3               3      73  8          2    9          
2                    5 2  6               0      75  8          9    7          
7                    5 7  7               1      66  9          3    2          
0                    9 2  3               8      21  1          2    5          
4                    0 8  3               4      83  4          0    8          

 9               9  9                9         9       9   9 9            9   9 
 7               7  7                7         7       7   7 7            7   7 
 8               8  8                8         8       8   8 8            8   8 
 0               0  1                1         0       1   0 1            0   0 
 1               1  8                8         9       8   1 8            8   4 
 2               2  5                5         5       5   2 5            1   4 
 7               6  5                5         3       5   0 5            5   4 
 3               7  7                7         1       7   5 7            5   5 
 0               6  3                3         9       3   3 3            1   1 
 0               4  2                5         4       7   0 5            4   0 
 5               6  8                5         9       3   8 9            0   1 
 5               0  2                8         4       0   5 0            4   1 
 9               4  7                3         0       3   4 3            6   2 

9 9          9                     9                   999       9        9  9  
7 7          7                     7                   777       7        7  7  
8 8          8                     8                   888       8        8  8  
1 1          1                     1                   111       0        0  0  
8 8          8                     8                   888       4        7  1  
5 5          5                     4                   555       4        5  2  
5 5          5                     5                   555       4        0  4  
7 7          7                     6                   777       8        6  7  
3 3          3                     9                   333       8        7  1  
7 5          5                     0                   772       8        7  3  
7 5          6                     0                   979       9        0  5  
3 8          0                     8                   342       1        6  2  
0 3          6                     3                   876       4        6  9  

     9                    9  9               9  999     9      9      9         
     7                    7  7               7  777     7      7      7         
     8                    8  8               8  888     8      8      8         
     0                    1  0               0  101     0      1      1         
     1                    8  1               1  818     9      8      8         
     2                    9  2               2  525     5      5      5         
     6                    8  4               6  545     3      5      5         
     0                    5  7               7  727     1      7      7         
     0                    6  3               3  383     9      3      3         
     9                    3  0               8  877     4      5      7         
     5                    9  7               4  169     9      7      2         
     2                    6  0               2  454     8      5      2         
     1                    9  0               1  055     8      0      8         

 9           9  9   9            9                       9          99  9 9     
 7           7  7   7            7                       7          77  7 7     
 8           8  8   8            8                       8          88  8 8     
 1           0  1   0            1                       1          01  1 1     
 8           1  8   1            8                       8          18  8 8     
 5           2  5   2            5                       5          25  5 4     
 5           3  5   3            5                       5          35  5 5     
 7           9  7   2            7                       7          57  7 6     
 3           9  3   3            3                       3          63  3 9     
 5           7  7   4            7                       7          05  5 6     
 3           7  3   4            9                       7          40  8 0     
 0           0  0   8            3                       8          00  3 6     
 9           8  3   3            8                       5          72  5 1     

       9        9   99                          9  9                  9 9 99    
       7        7   77                          7  7                  7 7 77    
       8        8   88                          8  8                  8 8 88    
       0        1   01                          0  1                  1 1 10    
       1        8   18                          1  8                  8 8 84    
       2        5   25                          2  5                  5 5 54    
       5        5   05                          3  5                  5 5 54    
       1        7   57                          9  7                  7 7 79    
       5        3   03                          9  3                  3 3 39    
       4        9   35                          7  9                  5 7 77    
       0        6   43                          7  6                  5 9 22    
       0        3   00                          0  5                  7 4 85    
       0        5   79                          8  9                  6 5 08    

 99   9 9         9    9                           9            9   9     9     
 77   7 7         7    7                           7            7   7     7     
 88   8 8         8    8                           8            8   8     8     
 10   0 1         0    0                           0            1   1     0     
 84   1 8         4    4                           1            8   8     4     
 54   2 5         4    4                           2            5   5     4     
 54   3 5         4    4                           0            5   5     4     
 75   9 7         5    4                           8            7   7     4     
 30   9 3         1    2                           8            3   3     1     
 56   7 7         2    5                           7            5   8     1     
 53   7 0         5    2                           7            6   2     9     
 62   0 6         6    3                           3            2   0     9     
 90   8 8         7    2                           6            0   1     0     

    9 9       9 9    9      9              9     9  9      9                    
    7 7       7 7    7      7              7     7  7      7                    
    8 8       8 8    8      8              8     8  8      8                    
    1 0       1 1    0      0              1     1  0      1                    
    5 4       8 8    9      4              8     8  4      8                    
    5 4       5 5    5      4              5     5  4      5                    
    8 4       5 5    1      4              5     5  4      5                    
    6 8       7 7    4      5              7     7  8      7                    
    0 8       3 3    1      0              3     3  8      3                    
    6 8       8 7    7      7              8     7  8      5                    
    8 9       1 2    1      0              2     2  9      5                    
    8 1       5 1    7      3              0     3  1      2                    
    3 4       7 1    1      7              1     5  4      1                    

  9 9 9               99                        9 9     9      9            9   
  7 7 7               77                        7 7     7      7            7   
  8 8 8               88                        8 8     8      8            8   
  0 0 0               01                        1 1     1      0            0   
  1 1 1               18                        8 8     8      1            4   
  2 2 2               25                        5 4     5      2            4   
  2 6 7               75                        5 5     5      4            4   
  7 9 4               47                        7 6     7      2            5   
  3 0 7               73                        3 9     3      8            0   
  9 6 6               69                        7 6     2      7            6   
  6 4 0               06                        2 0     9      6            3   
  5 7 5               53                        8 6     3      5            2   
  1 9 6               65                        0 1     3      5            0   

            9           9        9         9 99         9     9   9      9      
            7           7        7         7 77         7     7   7      7      
            8           8        8         8 88         8     8   8      8      
            0           0        0         1 11         0     1   1      1      
            1           1        1         8 88         1     8   8      8      
            2           2        2         5 55         2     5   5      5      
            4           4        6         5 55         6     5   5      5      
            4           8        7         7 77         9     7   7      7      
            3           4        0         3 33         3     3   3      3      
            8           1        9         6 25         0     2   7      4      
            7           5        5         7 94         1     8   7      6      
            5           0        0         3 97         8     2   7      3      
            0           5        6         3 57         4     7   8      0      

  9    9  9  99  9    9                     99                          9       
  7    7  7  77  7    7                     77                          7       
  8    8  8  88  8    8                     88                          8       
  0    0  1  11  0    1                     01                          1       
  1    1  8  88  4    8                     15                          8       
  2    2  9  95  4    5                     25                          4       
  4    4  8  85  4    5                     28                          5       
  1    7  5  57  5    7                     16                          6       
  7    3  6  63  0    3                     00                          9       
  7    0  3  35  6    9                     86                          0       
  6    5  9  86  1    5                     48                          0       
  2    2  6  70  0    6                     58                          8       
  8    6  9  76  8    7                     73                          3       

9       9    9                         99      9            9   9     9        9
7       7    7                         77      7            7   7     7        7
8       8    8                         88      8            8   8     8        8
1       1    0                         00      1            0   0     1        1
8       8    1                         11      8            4   1     8        8
4       9    2                         22      5            4   2     5        5
5       8    5                         63      5            4   6     5        5
6       5    8                         97      7            4   9     7        7
9       6    8                         08      3            2   3     3        3
6       3    9                         62      7            7   0     4        4
0       3    4                         46      9            8   1     9        6
2       1    5                         70      3            3   8     8        6
3       0    2                         91      8            0   4     2        1

       99        9   9     9                  9         9     9     9   9       
       77        7   7     7                  7         7     7     7   7       
       88        8   8     8                  8         8     8     8   8       
       01        1   0     1                  0         1     0     0   1       
       18        8   1     8                  4         8     1     4   5       
       25        5   2     5                  4         5     2     4   5       
       35        5   1     5                  4         5     6     4   8       
       77        7   5     7                  5         7     9     5   6       
       83        3   5     3                  2         3     0     0   0       
       27        4   0     4                  1         8     6     9   6       
       62        9   8     4                  1         2     4     6   8       
       09        0   9     9                  8         3     7     5   8       
       17        6   9     4                  7         2     9     9   3       

9     9             9    9       9    9          9     9  9         9           
7     7             7    7       7    7          7     7  7         7           
8     8             8    8       8    8          8     8  8         8           
0     0             1    1       1    0          1     1  1         0           
7     8             8    8       8    1          8     8  8         4           
5     1             5    5       9    2          5     5  4         4           
0     5             5    5       8    2          5     5  5         4           
6     5             7    7       5    7          7     7  6         5           
7     1             3    3       6    3          3     3  9         0           
5     4             8    7       3    9          9     5  0         9           
5     0             1    2       9    6          6     0  0         6           
9     4             1    2       6    5          5     0  8         5           
8     6             9    8       9    1          9     2  3         9           

             9    99            9       9 9  9            9         9         9 
             7    77            7       7 7  7            7         7         7 
             8    88            8       8 8  8            8         8         8 
             1    00            1       0 1  1            1         0         0 
             8    78            8       1 8  8            8         4         1 
             5    51            5       2 5  5            5         4         2 
             5    05            5       3 5  5            5         4         3 
             7    65            7       9 7  7            7         5         5 
             3    71            3       9 3  3            3         0         6 
             7    54            7       7 2  6            2         6         0 
             0    50            7       7 7  7            8         1         4 
             6    94            3       0 3  7            2         0         0 
             8    86            0       8 5  1            7         8         7 

      9   9            9         9    9                     9  9  9 9      9    
      7   7            7         7    7                     7  7  7 7      7    
      8   8            8         8    8                     8  8  8 8      8    
      0   0            1         1    1                     0  0  1 0      1    
      1   1            8         8    8                     1  4  8 1      8    
      2   2            5         5    5                     2  4  5 2      5    
      6   2            5         5    5                     2  4  5 3      5    
      1   5            7         7    7                     5  5  7 2      7    
      4   7            3         3    3                     7  0  3 3      3    
      4   3            9         7    8                     3  6  6 4      5    
      4   0            6         7    1                     0  1  7 4      5    
      0   5            3         7    4                     5  0  7 8      6    
      6   7            5         8    0                     7  8  1 3      9    

9  9    9 9                   9       9                9   9    9        9      
7  7    7 7                   7       7                7   7    7        7      
8  8    8 8                   8       8                8   8    8        8      
0  0    1 0                   0       0                0   1    0        0      
4  9    8 1                   1       4                4   8    1        4      
4  5    5 2                   2       4                4   5    2        4      
4  3    5 4                   6       4                4   5    7        4      
5  1    7 8                   9       5                5   7    8        5      
1  9    3 4                   0       1                1   3    1        0      
2  4    3 1                   6       0                0   6    9        9      
5  9    4 5                   4       1                1   7    1        6      
6  3    1 0                   7       1                1   6    0        5      
7  3    1 5                   9       2                2   4    5        9      

    9      9    9  999 9  9    9  9                                             
    7      7    7  777 7  7    7  7                                             
    8      8    8  888 8  8    8  8                                             
    1      1    0  001 0  1    0  0                                             
    8      5    4  448 9  8    1  1                                             
    5      5    4  445 5  4    2  2                                             
    5      8    4  445 3  5    4  6                                             
    7      6    8  557 1  6    2  0                                             
    3      0    8  003 9  9    4  0                                             
    5      6    8  165 4  6    2  9                                             
    5      8    9  816 9  0    1  5                                             
    9      8    1  405 9  6    0  2                                             
    0      3    4  481 5  1    4  1                                             

         9                9    9  9       9     9   9           9      9      9 
         7                7    7  7       7     7   7           7      7      7 
         8                8    8  8       8     8   8           8      8      8 
         0                0    0  1       1     0   1           1      1      0 
         1                4    1  8       8     1   8           8      8      1 
         2                4    2  5       5     2   5           4      5      2 
         1                4    3  5       5     0   5           5      5      3 
         0                4    7  7       7     5   7           6      7      5 
         0                2    8  3       3     3   3           9      3      6 
         5                9    2  8       2     0   2           6      7      0 
         4                1    6  2       7     8   7           0      2      4 
         3                3    0  0       2     5   3           6      8      0 
         6                1    1  1       8     4   5           1      0      7 

       9  9    9    9       9        9      9     9     9                    9  
       7  7    7    7       7        7      7     7     7                    7  
       8  8    8    8       8        8      8     8     8                    8  
       1  0    1    0       0        0      0     1     0                    0  
       8  1    8    4       1        1      4     8     1                    1  
       5  2    5    4       2        2      4     5     2                    2  
       5  4    5    4       7        4      4     5     6                    7  
       7  2    7    8       8        7      4     7     0                    0  
       3  4    3    8       1        1      1     3     0                    1  
       6  2    7    8       9        3      6     7     9                    2  
       6  1    7    9       1        5      1     9     5                    3  
       9  0    6    1       0        2      0     7     2                    5  
       6  4    1    4       5        9      0     6     1                    3  

     9              9      9       9         9       9   9          9    9     9
     7              7      7       7         7       7   7          7    7     7
     8              8      8       8         8       8   8          8    8     8
     1              0      1       1         0       0   0          1    0     0
     8              4      8       8         4       4   4          8    7     1
     5              4      5       5         4       4   4          5    5     2
     5              4      5       5         4       4   4          5    0     0
     7              5      7       7         4       4   4          7    6     5
     3              0      3       3         2       2   1          3    7     3
     7              5      6       8         2       7   6          4    7     0
     2              6      6       0         4       8   1          9    0     8
     1              2      9       3         2       3   0          8    6     5
     1              0      6       4         2       0   0          2    6     4

                     9    99  9           99          9                    9  99
                     7    77  7           77          7                    7  77
                     8    88  8           88          8                    8  88
                     0    11  1           00          1                    0  00
                     1    88  8           11          8                    1  11
                     2    94  5           22          5                    2  22
                     3    85  5           74          5                    6  43
                     2    56  7           08          7                    9  77
                     3    69  3           14          3                    0  39
                     4    30  8           21          9                    6  00
                     4    90  2           35          6                    4  77
                     8    63  0           50          3                    7  06
                     3    98  1           35          5                    9  07

     9   99    9                                                                
     7   77    7                                                                
     8   88    8                                                                
     1   01    0                                                                
     8   18    4                                                                
     4   25    4                                                                
     5   05    4                                                                
     6   87    9                                                                
     9   83    9                                                                
     0   48    7                                                                
     0   10    2                                                                
     8   42    5                                                                
     3   87    8                                                                
